1 0.0270833 0.804167 0.0541667 0.244444 0.25177
1 0.114193 0.808565 0.0388021 0.0699074 0.252599
1 0.475 0.666667 0.0401042 0.0796296 0.254708
1 0.619141 0.700463 0.0221354 0.0518519 0.255284
1 0.134375 0.718982 0.0244792 0.0509259 0.256817
1 0.419792 0.651852 0.0234375 0.0388889 0.256822
0 0.422526 0.653935 0.0164062 0.0356481 0.259732
1 0.754427 0.694444 0.0333333 0.0712963 0.261791
0 0.0523437 0.715741 0.0401042 0.0759259 0.262045
1 0.530339 0.631481 0.0210938 0.0537037 0.268589
1 0.0203125 0.850231 0.040625 0.0912037 0.271229
0 0.556771 0.607639 0.0104167 0.0208333 0.272569
1 0.514453 0.66875 0.0492188 0.075463 0.273887
1 0.79388 0.734722 0.0440104 0.108333 0.274039
1 0.223438 0.933102 0.121354 0.126389 0.27418
0 0.369141 0.850463 0.0502604 0.108333 0.278812
1 0.648698 0.651157 0.0307292 0.0597222 0.279207
1 0.428255 0.65162 0.0242187 0.0486111 0.285959
1 0.320573 0.663889 0.0317708 0.0592593 0.298478
0 0.657161 0.719213 0.0299479 0.0476852 0.299471
1 0.4875 0.697917 0.0546875 0.0865741 0.299892
1 0.8 0.634954 0.0208333 0.0458333 0.30137
1 0.414974 0.886806 0.0492188 0.0976852 0.306011
0 0.464193 0.646759 0.0174479 0.0314815 0.307379
1 0.538802 0.673843 0.0203125 0.049537 0.308005
1 0.376172 0.667361 0.0252604 0.0606481 0.311972
0 0.0496094 0.959028 0.0804688 0.0819444 0.322725
0 0.394271 0.637269 0.0145833 0.0291667 0.32452
1 0.0511719 0.959028 0.0794271 0.0819444 0.325307
1 0.120703 0.881944 0.0455729 0.0925926 0.325427
1 0.152083 0.720139 0.0401042 0.1125 0.331686
1 0.561849 0.663194 0.0221354 0.0541667 0.33426
0 0.433464 0.635648 0.0111979 0.0259259 0.334662
0 0.481771 0.651389 0.01875 0.0388889 0.335107
1 0.520964 0.662963 0.0236979 0.0574074 0.34827
0 0.517187 0.618287 0.00989583 0.0189815 0.351601
0 0.763672 0.63125 0.0127604 0.0282407 0.354262
1 0.394661 0.650231 0.0226563 0.0532407 0.355582
0 0.545182 0.610417 0.0101562 0.0199074 0.360331
1 0.466406 0.632639 0.03125 0.0587963 0.361321
0 0.529297 0.61713 0.0106771 0.0231481 0.362862
1 0.468229 0.695139 0.0447917 0.109722 0.377723
1 0.0282552 0.894676 0.0565104 0.149537 0.380625
1 0.77513 0.663426 0.0315104 0.0740741 0.386461
0 0.583464 0.663657 0.0179687 0.0384259 0.386798
1 0.570964 0.631019 0.0200521 0.0453704 0.388034
1 0.589453 0.625 0.0205729 0.0462963 0.400543
0 0.326042 0.649537 0.0166667 0.0324074 0.408593
1 0.436458 0.647685 0.0239583 0.0518519 0.41016
0 0.353125 0.65787 0.0151042 0.0314815 0.415336
1 0.764583 0.645139 0.0208333 0.0569444 0.42225
1 0.355078 0.920139 0.0565104 0.13287 0.424704
0 0.501953 0.662037 0.0179687 0.0361111 0.425418
0 0.379167 0.655093 0.0161458 0.0333333 0.430551
1 0.794401 0.659259 0.0289063 0.0722222 0.436349
1 0.545964 0.627778 0.0184896 0.0611111 0.438404
1 0.554167 0.625694 0.0197917 0.0597222 0.438772
1 0.827604 0.686343 0.046875 0.0819444 0.442397
0 0.780469 0.647685 0.0203125 0.037963 0.446177
0 0.642708 0.620602 0.0125 0.025463 0.446381
1 0.164453 0.877315 0.132552 0.212963 0.448371
0 0.0502604 0.702315 0.0239583 0.0481481 0.449709
0 0.691927 0.633333 0.0125 0.025 0.45299
1 0.357812 0.676157 0.0286458 0.0782407 0.453967
0 0.134115 0.717593 0.025 0.05 0.454683
0 0.0290365 0.911111 0.0528646 0.101852 0.467609
0 0.555078 0.695602 0.0226563 0.0439815 0.475333
0 0.198568 0.719213 0.0221354 0.0458333 0.479282
0 0.800781 0.631481 0.0171875 0.0324074 0.479454
1 0.289974 0.662269 0.0247396 0.074537 0.484092
0 0.677995 0.661574 0.0190104 0.037963 0.48803
0 0.589453 0.615278 0.0106771 0.0222222 0.492379
1 0.461719 0.672685 0.0286458 0.0814815 0.493899
0 0.821745 0.668056 0.0242187 0.0435185 0.497684
0 0.789193 0.707407 0.0257812 0.0527778 0.498741
1 0.367839 0.853241 0.0554687 0.115741 0.504056
0 0.862891 0.664352 0.0226563 0.0407407 0.511458
1 0.866016 0.676852 0.0393229 0.0722222 0.518786
0 0.0201823 0.846991 0.0388021 0.0865741 0.519054
1 0.136589 0.738657 0.0429688 0.108796 0.527152
0 0.620052 0.696065 0.0208333 0.0458333 0.537421
0 0.406901 0.624306 0.0111979 0.025463 0.538974
1 0.953385 0.691667 0.0489583 0.12037 0.542484
1 0.694922 0.648843 0.0252604 0.0569444 0.544805
1 0.0984375 0.852546 0.071875 0.153241 0.548231
1 0.200781 0.732176 0.034375 0.0763889 0.55294
0 0.758984 0.693287 0.0231771 0.0523148 0.554533
0 0.480599 0.695833 0.0210938 0.0425926 0.554684
0 0.366276 0.831481 0.0356771 0.0666667 0.561733
0 0.620443 0.626852 0.0153646 0.0342593 0.568626
1 0.476302 0.723148 0.05625 0.100926 0.572694
0 0.747005 0.63287 0.0132813 0.0287037 0.578685
0 0.342448 0.672222 0.0177083 0.0388889 0.583085
1 0.640625 0.634722 0.0244792 0.0583333 0.583835
0 0.125781 0.763889 0.0302083 0.0583333 0.585039
0 0.922135 0.646528 0.0197917 0.0439815 0.594356
0 0.470573 0.617593 0.0125 0.025 0.595548
1 0.887891 0.653241 0.0299479 0.0703704 0.607468
1 0.615104 0.653935 0.034375 0.0930556 0.61485
1 0.611849 0.715741 0.0367187 0.087963 0.621564
1 0.0789063 0.805093 0.0536458 0.123148 0.621698
1 0.688802 0.820602 0.0619792 0.199537 0.621725
0 0.388672 0.689352 0.0179687 0.037963 0.630544
1 0.406641 0.640741 0.0242187 0.0611111 0.652576
0 0.142318 0.686111 0.0242187 0.0462963 0.674728
1 0.0214844 0.734954 0.0429688 0.111574 0.682531
1 0.582682 0.686343 0.0367187 0.0875 0.682762
1 0.0510417 0.721759 0.0578125 0.0916667 0.683155
1 0.354427 0.915741 0.119792 0.163889 0.683907
0 0.289323 0.642593 0.0151042 0.0333333 0.686615
0 0.106771 0.687963 0.0239583 0.0490741 0.693104
0 0.237109 0.732176 0.0289063 0.0541667 0.696761
1 0.388802 0.726389 0.0421875 0.114815 0.700621
1 0.127865 0.797222 0.0411458 0.123148 0.702062
0 0.208203 0.939352 0.0804688 0.110185 0.71569
0 0.963021 0.655093 0.0197917 0.0398148 0.717186
1 0.253776 0.693519 0.0335938 0.143519 0.721822
0 0.814583 0.695833 0.0270833 0.0537037 0.724414
1 0.789062 0.759259 0.0744792 0.113889 0.724492
0 0.627604 0.734954 0.028125 0.0541667 0.728719
1 0.744141 0.657639 0.0289063 0.0791667 0.729946
1 0.915234 0.723611 0.0705729 0.182407 0.741547
1 0.501823 0.685648 0.0302083 0.087963 0.742905
1 0.519141 0.741667 0.0460938 0.110185 0.758233
1 0.533724 0.925 0.0820312 0.15 0.764774
0 0.889453 0.637731 0.0184896 0.0375 0.767675
1 0.307422 0.711111 0.0440104 0.142593 0.768997
1 0.103385 0.711111 0.0432292 0.100926 0.769328
0 0.111198 0.808796 0.0390625 0.0648148 0.774232
1 0.416536 0.918287 0.0809896 0.161574 0.776176
1 0.166927 0.798148 0.0489583 0.138889 0.785141
1 0.81849 0.72963 0.05 0.118519 0.789265
0 0.088151 0.777315 0.0309896 0.0601852 0.79042
1 0.427344 0.76088 0.0515625 0.181019 0.791998
0 0.773307 0.734722 0.0273438 0.0583333 0.793076
0 0.910677 0.658796 0.0213542 0.0481481 0.797012
1 0.755208 0.784491 0.109896 0.156019 0.797136
0 0.175521 0.758565 0.0302083 0.0597222 0.797645
0 0.426562 0.701852 0.0255208 0.0555556 0.800014
0 0.52513 0.71088 0.0236979 0.0430556 0.800986
0 0.195052 0.792593 0.034375 0.0768519 0.804204
1 0.193229 0.844907 0.0864583 0.187963 0.807148
0 0.0119792 0.708333 0.0239583 0.0555556 0.807388
0 0.307943 0.660648 0.0184896 0.0388889 0.807943
0 0.257682 0.856019 0.0341146 0.0768519 0.816165
0 0.415234 0.88588 0.0460938 0.0930556 0.818172
1 0.688802 0.685648 0.0572917 0.087963 0.818399
0 0.739844 0.746528 0.03125 0.0717593 0.824721
0 0.530208 0.916435 0.0557292 0.127315 0.834525
0 0.681771 0.753241 0.0302083 0.0583333 0.836979
1 0.61875 0.77338 0.0473958 0.133796 0.838186
0 0.651432 0.761343 0.0377604 0.0671296 0.839239
0 0.258594 0.643287 0.0161458 0.0347222 0.840137
1 0.559635 0.726157 0.0447917 0.105093 0.847128
1 0.339453 0.741204 0.0497396 0.180556 0.850961
0 0.355208 0.920602 0.053125 0.127315 0.860714
1 0.255339 0.900694 0.0841146 0.173611 0.86123
1 0.244922 0.763657 0.0648438 0.118981 0.868826
1 0.653385 0.863194 0.0796875 0.273611 0.885463
0 0.120833 0.88287 0.04375 0.0935185 0.889841
1 0.128385 0.916204 0.104167 0.162963 0.896693
